{
 "cells": [
  {
   "cell_type": "code",
   "execution_count": 1,
   "metadata": {},
   "outputs": [],
   "source": [
    "import os\n",
    "\n",
    "import numpy as np\n",
    "import pandas as pd\n",
    "import matplotlib.pyplot as plt\n",
    "\n",
    "from hmmlearn import hmm\n",
    "import torch\n",
    "import torch.nn as nn\n",
    "\n",
    "from model.PDV import *\n",
    "from model.HMM import *\n",
    "from model.data import *"
   ]
  },
  {
   "cell_type": "markdown",
   "metadata": {},
   "source": [
    "# Data"
   ]
  },
  {
   "cell_type": "code",
   "execution_count": 2,
   "metadata": {},
   "outputs": [],
   "source": [
    "window = 1000\n",
    "log_return = True\n",
    "predict_t_plus_1 = False"
   ]
  },
  {
   "cell_type": "code",
   "execution_count": 3,
   "metadata": {},
   "outputs": [
    {
     "data": {
      "text/html": [
       "<div>\n",
       "<style scoped>\n",
       "    .dataframe tbody tr th:only-of-type {\n",
       "        vertical-align: middle;\n",
       "    }\n",
       "\n",
       "    .dataframe tbody tr th {\n",
       "        vertical-align: top;\n",
       "    }\n",
       "\n",
       "    .dataframe thead th {\n",
       "        text-align: right;\n",
       "    }\n",
       "</style>\n",
       "<table border=\"1\" class=\"dataframe\">\n",
       "  <thead>\n",
       "    <tr style=\"text-align: right;\">\n",
       "      <th></th>\n",
       "      <th>r1</th>\n",
       "      <th>r2</th>\n",
       "      <th>vix</th>\n",
       "    </tr>\n",
       "  </thead>\n",
       "  <tbody>\n",
       "    <tr>\n",
       "      <th>1995-01-04</th>\n",
       "      <td>0.003479</td>\n",
       "      <td>1.210315e-05</td>\n",
       "      <td>0.1353</td>\n",
       "    </tr>\n",
       "    <tr>\n",
       "      <th>1995-01-05</th>\n",
       "      <td>-0.000803</td>\n",
       "      <td>6.454842e-07</td>\n",
       "      <td>0.1350</td>\n",
       "    </tr>\n",
       "    <tr>\n",
       "      <th>1995-01-06</th>\n",
       "      <td>0.000738</td>\n",
       "      <td>5.450927e-07</td>\n",
       "      <td>0.1313</td>\n",
       "    </tr>\n",
       "    <tr>\n",
       "      <th>1995-01-09</th>\n",
       "      <td>0.000326</td>\n",
       "      <td>1.059759e-07</td>\n",
       "      <td>0.1333</td>\n",
       "    </tr>\n",
       "    <tr>\n",
       "      <th>1995-01-10</th>\n",
       "      <td>0.001843</td>\n",
       "      <td>3.395957e-06</td>\n",
       "      <td>0.1252</td>\n",
       "    </tr>\n",
       "    <tr>\n",
       "      <th>...</th>\n",
       "      <td>...</td>\n",
       "      <td>...</td>\n",
       "      <td>...</td>\n",
       "    </tr>\n",
       "    <tr>\n",
       "      <th>2023-08-24</th>\n",
       "      <td>-0.013549</td>\n",
       "      <td>1.835850e-04</td>\n",
       "      <td>0.1720</td>\n",
       "    </tr>\n",
       "    <tr>\n",
       "      <th>2023-08-25</th>\n",
       "      <td>0.006696</td>\n",
       "      <td>4.482973e-05</td>\n",
       "      <td>0.1568</td>\n",
       "    </tr>\n",
       "    <tr>\n",
       "      <th>2023-08-28</th>\n",
       "      <td>0.006245</td>\n",
       "      <td>3.900101e-05</td>\n",
       "      <td>0.1508</td>\n",
       "    </tr>\n",
       "    <tr>\n",
       "      <th>2023-08-29</th>\n",
       "      <td>0.014404</td>\n",
       "      <td>2.074772e-04</td>\n",
       "      <td>0.1445</td>\n",
       "    </tr>\n",
       "    <tr>\n",
       "      <th>2023-08-30</th>\n",
       "      <td>0.003826</td>\n",
       "      <td>1.463716e-05</td>\n",
       "      <td>0.1388</td>\n",
       "    </tr>\n",
       "  </tbody>\n",
       "</table>\n",
       "<p>7215 rows × 3 columns</p>\n",
       "</div>"
      ],
      "text/plain": [
       "                  r1            r2     vix\n",
       "1995-01-04  0.003479  1.210315e-05  0.1353\n",
       "1995-01-05 -0.000803  6.454842e-07  0.1350\n",
       "1995-01-06  0.000738  5.450927e-07  0.1313\n",
       "1995-01-09  0.000326  1.059759e-07  0.1333\n",
       "1995-01-10  0.001843  3.395957e-06  0.1252\n",
       "...              ...           ...     ...\n",
       "2023-08-24 -0.013549  1.835850e-04  0.1720\n",
       "2023-08-25  0.006696  4.482973e-05  0.1568\n",
       "2023-08-28  0.006245  3.900101e-05  0.1508\n",
       "2023-08-29  0.014404  2.074772e-04  0.1445\n",
       "2023-08-30  0.003826  1.463716e-05  0.1388\n",
       "\n",
       "[7215 rows x 3 columns]"
      ]
     },
     "execution_count": 3,
     "metadata": {},
     "output_type": "execute_result"
    }
   ],
   "source": [
    "start_date = pd.to_datetime('1995-01-01')\n",
    "end_date = pd.to_datetime('2023-08-31')\n",
    "spx_data = pd.read_csv('spx_data_nn.csv', index_col=0, parse_dates=[0])\n",
    "vix_data = pd.read_csv('vix_data_nn.csv', index_col=0, parse_dates=[0])\n",
    "spx_data.index = pd.to_datetime(pd.to_datetime(spx_data.index, utc=True).date)\n",
    "vix_data.index = pd.to_datetime(pd.to_datetime(vix_data.index, utc=True).date)\n",
    "data = create_df_from_yf(spx_data, vix_data, start_date, end_date, predict_t_plus_1=predict_t_plus_1, log_return=log_return)\n",
    "data"
   ]
  },
  {
   "cell_type": "markdown",
   "metadata": {},
   "source": [
    "# HMM for SPX"
   ]
  },
  {
   "cell_type": "code",
   "execution_count": 4,
   "metadata": {},
   "outputs": [
    {
     "name": "stdout",
     "output_type": "stream",
     "text": [
      "Number of regimes: 2\n",
      "Run 1\n",
      "Initial parameters μ: [0.11620614 0.04753128], σ: [0.27681558 0.30512724], π: [[0.40866883 0.59133117]], A: [[0.00508226 0.99491774]\n",
      " [0.92717105 0.07282895]]\n",
      "Log likelihood decreased from -72881.31604853 to -73066.76166557806\n",
      "μ:       [0.26  0.015]\n",
      "σ:       [0.126 0.261]\n",
      "π:       [0.548 0.452]\n",
      "A:       \n",
      "[[0.007 0.993]\n",
      " [0.901 0.099]]\n",
      "----------------------------------\n",
      "Run 2\n",
      "Initial parameters μ: [0.0386995  0.02373449], σ: [0.28804418 0.35115704], π: [[0.04495644 0.95504356]], A: [[0.3865659 0.6134341]\n",
      " [0.1535426 0.8464574]]\n",
      "Log likelihood decreased from -72167.89309285952 to -72168.26609080746\n",
      "μ:       [ 0.342 -0.124]\n",
      "σ:       [0.09  0.293]\n",
      "π:       [0.893 0.107]\n",
      "A:       \n",
      "[[0.745 0.255]\n",
      " [0.245 0.755]]\n",
      "----------------------------------\n",
      "Run 3\n",
      "Initial parameters μ: [-0.10468166 -0.05236891], σ: [0.39363352 0.29080166], π: [[0.23992546 0.76007454]], A: [[0.25111    0.74889   ]\n",
      " [0.17833723 0.82166277]]\n",
      "Log likelihood decreased from -72092.5170755786 to -72092.96899241014\n",
      "μ:       [-0.38   0.293]\n",
      "σ:       [0.367 0.119]\n",
      "π:       [0.004 0.996]\n",
      "A:       \n",
      "[[0.592 0.408]\n",
      " [0.119 0.881]]\n",
      "----------------------------------\n",
      "Run 4\n",
      "Initial parameters μ: [-0.00071441 -0.09691755], σ: [0.24484592 0.21635807], π: [[0.45259447 0.54740553]], A: [[0.05322484 0.94677516]\n",
      " [0.4548535  0.5451465 ]]\n",
      "Log likelihood decreased from -72355.02430821228 to -72355.629630251\n",
      "μ:       [-0.261  0.294]\n",
      "σ:       [0.341 0.113]\n",
      "π:       [0.068 0.932]\n",
      "A:       \n",
      "[[0.184 0.816]\n",
      " [0.348 0.652]]\n",
      "----------------------------------\n",
      "Run 5\n",
      "Initial parameters μ: [0.19360054 0.23462407], σ: [0.35861193 0.24948826], π: [[0.39425572 0.60574428]], A: [[0.67769503 0.32230497]\n",
      " [0.8571364  0.1428636 ]]\n",
      "Log likelihood decreased from -72570.74380085568 to -72733.55578250444\n",
      "μ:       [0.036 0.299]\n",
      "σ:       [0.253 0.084]\n",
      "π:       [0.185 0.815]\n",
      "A:       \n",
      "[[0.6   0.4  ]\n",
      " [0.791 0.209]]\n",
      "----------------------------------\n",
      "Run 6\n",
      "Initial parameters μ: [-0.09817575 -0.01156121], σ: [0.33827541 0.34771377], π: [[0.46252669 0.53747331]], A: [[0.8464292 0.1535708]\n",
      " [0.4246224 0.5753776]]\n",
      "Log likelihood decreased from -71990.86179063687 to -71991.62916769629\n",
      "μ:       [ 0.305 -0.298]\n",
      "σ:       [0.114 0.343]\n",
      "π:       [0.971 0.029]\n",
      "A:       \n",
      "[[0.9   0.1  ]\n",
      " [0.261 0.739]]\n",
      "----------------------------------\n",
      "Run 7\n",
      "Initial parameters μ: [-0.04932295 -0.04640546], σ: [0.21510665 0.34359736], π: [[0.81230765 0.18769235]], A: [[0.17266456 0.82733544]\n",
      " [0.29666729 0.70333271]]\n",
      "Log likelihood decreased from -72451.54637427718 to -72638.26323857333\n",
      "μ:       [0.285 0.032]\n",
      "σ:       [0.075 0.26 ]\n",
      "π:       [0.961 0.039]\n",
      "A:       \n",
      "[[0.296 0.704]\n",
      " [0.399 0.601]]\n",
      "----------------------------------\n",
      "Run 8\n",
      "Initial parameters μ: [0.1797771  0.03496468], σ: [0.30514559 0.29991015], π: [[0.93166795 0.06833205]], A: [[0.02809209 0.97190791]\n",
      " [0.31968795 0.68031205]]\n",
      "Log likelihood decreased from -72238.09864645799 to -72239.00328099058\n",
      "μ:       [-0.38  0.29]\n",
      "σ:       [0.37  0.119]\n",
      "π:       [0.8 0.2]\n",
      "A:       \n",
      "[[0.231 0.769]\n",
      " [0.238 0.762]]\n",
      "----------------------------------\n",
      "Run 9\n",
      "Initial parameters μ: [0.14634104 0.00687964], σ: [0.3966552  0.29884103], π: [[0.33821526 0.66178474]], A: [[0.58348891 0.41651109]\n",
      " [0.59119145 0.40880855]]\n",
      "Log likelihood decreased from -72230.75178906968 to -72231.03816054238\n",
      "μ:       [-0.099  0.31 ]\n",
      "σ:       [0.297 0.089]\n",
      "π:       [0.05 0.95]\n",
      "A:       \n",
      "[[0.525 0.475]\n",
      " [0.407 0.593]]\n",
      "----------------------------------\n",
      "Run 10\n",
      "Initial parameters μ: [-0.06846684  0.04571539], σ: [0.22633392 0.23992283], π: [[0.36474846 0.63525154]], A: [[0.58847261 0.41152739]\n",
      " [0.05400964 0.94599036]]\n",
      "Log likelihood decreased from -73406.93867146896 to -73610.66355552815\n",
      "μ:       [0.105 0.133]\n",
      "σ:       [0.176 0.213]\n",
      "π:       [0.394 0.606]\n",
      "A:       \n",
      "[[0.6   0.4  ]\n",
      " [0.056 0.944]]\n",
      "----------------------------------\n",
      "Number of regimes: 3\n",
      "Run 1\n",
      "Initial parameters μ: [0.08020868 0.01991925 0.02715256], σ: [0.27716869 0.20583197 0.29274103], π: [[0.09101079 0.85326091 0.0557283 ]], A: [[0.06850568 0.21396288 0.71753144]\n",
      " [0.32357928 0.45673984 0.21968088]\n",
      " [0.41062033 0.08793001 0.50144967]]\n",
      "Log likelihood decreased from -71929.14938778989 to -71929.42722223436\n",
      "μ:       [ 0.058  0.365 -0.232]\n",
      "σ:       [0.161 0.092 0.342]\n",
      "π:       [4.788e-03 9.943e-01 9.334e-04]\n",
      "A:       \n",
      "[[0.072 0.348 0.58 ]\n",
      " [0.165 0.778 0.057]\n",
      " [0.414 0.096 0.49 ]]\n",
      "----------------------------------\n",
      "Run 2\n",
      "Initial parameters μ: [ 0.08113653 -0.06098884  0.13196671], σ: [0.25004198 0.30074903 0.34376374], π: [[0.82005749 0.08198273 0.09795977]], A: [[0.02426054 0.78160413 0.19413533]\n",
      " [0.15962175 0.46311981 0.37725844]\n",
      " [0.30393875 0.61769617 0.07836508]]\n",
      "Log likelihood decreased from -72126.70836398222 to -72127.55152025417\n",
      "μ:       [ 0.203  0.299 -0.387]\n",
      "σ:       [0.053 0.145 0.374]\n",
      "π:       [0.364 0.588 0.048]\n",
      "A:       \n",
      "[[0.044 0.841 0.115]\n",
      " [0.239 0.498 0.262]\n",
      " [0.232 0.544 0.224]]\n",
      "----------------------------------\n",
      "Run 3\n",
      "Initial parameters μ: [ 0.00670233  0.11103281 -0.09339475], σ: [0.36398432 0.20885314 0.36929968], π: [[0.11247064 0.38513658 0.50239278]], A: [[3.10734737e-01 3.22389602e-01 3.66875661e-01]\n",
      " [4.17641673e-01 5.82283514e-01 7.48132483e-05]\n",
      " [2.42633532e-01 1.83467063e-01 5.73899406e-01]]\n",
      "Log likelihood decreased from -71798.43241209703 to -71798.67104992997\n",
      "μ:       [-0.115  0.367 -0.191]\n",
      "σ:       [0.194 0.095 0.361]\n",
      "π:       [0.012 0.983 0.004]\n",
      "A:       \n",
      "[[3.062e-01 4.857e-01 2.081e-01]\n",
      " [2.320e-01 7.680e-01 1.705e-05]\n",
      " [1.528e-01 7.216e-02 7.750e-01]]\n",
      "----------------------------------\n",
      "Run 4\n",
      "Initial parameters μ: [-0.03953646  0.19217107  0.1554046 ], σ: [0.27745054 0.20739346 0.32233443], π: [[0.36251795 0.01719119 0.62029086]], A: [[0.07283158 0.47528521 0.4518832 ]\n",
      " [0.21860327 0.55316282 0.22823391]\n",
      " [0.12248893 0.12284117 0.7546699 ]]\n",
      "Log likelihood decreased from -71814.06025716197 to -71815.00377354989\n",
      "μ:       [ 0.043  0.336 -0.239]\n",
      "σ:       [0.193 0.098 0.338]\n",
      "π:       [0.197 0.798 0.005]\n",
      "A:       \n",
      "[[0.082 0.735 0.182]\n",
      " [0.19  0.765 0.045]\n",
      " [0.092 0.088 0.82 ]]\n",
      "----------------------------------\n",
      "Run 5\n",
      "Initial parameters μ: [-0.01792914  0.11945919  0.17009612], σ: [0.24031984 0.24870744 0.28722295], π: [[0.6976181  0.04958768 0.25279422]], A: [[0.37643261 0.29228909 0.3312783 ]\n",
      " [0.45833225 0.27314862 0.26851913]\n",
      " [0.58508606 0.16891368 0.24600025]]\n",
      "Log likelihood decreased from -72035.75358393099 to -72036.22514961312\n",
      "μ:       [ 0.336  0.246 -0.405]\n",
      "σ:       [0.151 0.062 0.36 ]\n",
      "π:       [0.779 0.194 0.028]\n",
      "A:       \n",
      "[[0.415 0.326 0.259]\n",
      " [0.506 0.329 0.166]\n",
      " [0.523 0.138 0.339]]\n",
      "----------------------------------\n",
      "Run 6\n",
      "Initial parameters μ: [0.11289209 0.11740353 0.14622624], σ: [0.23014022 0.36082721 0.29521378], π: [[0.01123684 0.75370585 0.23505731]], A: [[0.59798485 0.37421032 0.02780483]\n",
      " [0.07767775 0.39386349 0.52845875]\n",
      " [0.11982819 0.33657382 0.54359799]]\n",
      "Log likelihood decreased from -71730.18853230914 to -71730.8045549001\n",
      "μ:       [ 0.339 -0.506  0.153]\n",
      "σ:       [0.098 0.388 0.191]\n",
      "π:       [0.933 0.03  0.037]\n",
      "A:       \n",
      "[[0.914 0.073 0.012]\n",
      " [0.076 0.386 0.538]\n",
      " [0.105 0.299 0.596]]\n",
      "----------------------------------\n",
      "Run 7\n",
      "Initial parameters μ: [0.0771812  0.20406611 0.00586027], σ: [0.31414748 0.23150408 0.25397978], π: [[0.53939484 0.13130871 0.32929646]], A: [[0.06157892 0.2125801  0.72584098]\n",
      " [0.50354981 0.45229717 0.04415302]\n",
      " [0.38162541 0.39276167 0.22561292]]\n",
      "Log likelihood decreased from -72026.39436092717 to -72027.13781783631\n",
      "μ:       [-0.369  0.333  0.187]\n",
      "σ:       [0.352 0.088 0.201]\n",
      "π:       [0.026 0.898 0.076]\n",
      "A:       \n",
      "[[0.123 0.196 0.681]\n",
      " [0.239 0.717 0.044]\n",
      " [0.401 0.35  0.249]]\n",
      "----------------------------------\n",
      "Run 8\n",
      "Initial parameters μ: [0.02849246 0.09983755 0.18977976], σ: [0.31397422 0.31788825 0.21124848], π: [[0.04667996 0.05143262 0.90188742]], A: [[0.08252506 0.36459089 0.55288405]\n",
      " [0.08055994 0.49317038 0.42626968]\n",
      " [0.2507863  0.70893406 0.04027965]]\n",
      "Log likelihood decreased from -72129.88213460699 to -72130.00224801991\n",
      "μ:       [ 0.261 -0.131  0.365]\n",
      "σ:       [0.06  0.298 0.109]\n",
      "π:       [0.061 0.007 0.932]\n",
      "A:       \n",
      "[[0.104 0.206 0.69 ]\n",
      " [0.074 0.46  0.466]\n",
      " [0.362 0.576 0.063]]\n",
      "----------------------------------\n",
      "Run 9\n",
      "Initial parameters μ: [0.25024602 0.01563662 0.15551024], σ: [0.28025707 0.36555147 0.31592542], π: [[0.10869679 0.29306574 0.59823747]], A: [[0.68258843 0.07071426 0.24669731]\n",
      " [0.77598661 0.06817123 0.15584217]\n",
      " [0.23089331 0.64490443 0.12420226]]\n",
      "Log likelihood decreased from -71966.85615485978 to -71967.6049812989\n",
      "μ:       [ 0.369  0.242 -0.854]\n",
      "σ:       [0.106 0.404 0.231]\n",
      "π:       [0.87  0.036 0.095]\n",
      "A:       \n",
      "[[0.802 0.042 0.156]\n",
      " [0.531 0.171 0.298]\n",
      " [0.27  0.578 0.153]]\n",
      "----------------------------------\n",
      "Run 10\n",
      "Initial parameters μ: [0.20163566 0.15035358 0.05746176], σ: [0.31321096 0.21216033 0.25095824], π: [[0.41718833 0.03914064 0.54367103]], A: [[0.80522156 0.08944753 0.10533091]\n",
      " [0.52570595 0.18969038 0.28460368]\n",
      " [0.28687937 0.19686879 0.51625184]]\n",
      "Log likelihood decreased from -71817.82474399626 to -71818.21089835654\n",
      "μ:       [-0.27   0.172  0.38 ]\n",
      "σ:       [0.328 0.05  0.128]\n",
      "π:       [0.015 0.044 0.942]\n",
      "A:       \n",
      "[[0.772 0.109 0.119]\n",
      " [0.242 0.267 0.491]\n",
      " [0.084 0.217 0.699]]\n",
      "----------------------------------\n",
      "Number of regimes: 4\n",
      "Run 1\n",
      "Initial parameters μ: [-0.00946559  0.05241579  0.11413826  0.16413834], σ: [0.26441876 0.23445042 0.29991828 0.25210166], π: [[0.5288074  0.15215084 0.05527156 0.2637702 ]], A: [[0.02534531 0.37800887 0.54215703 0.05448879]\n",
      " [0.2465727  0.25228402 0.49939185 0.00175143]\n",
      " [0.06974417 0.30661455 0.22600148 0.3976398 ]\n",
      " [0.1789103  0.21607755 0.53866397 0.06634818]]\n",
      "Log likelihood decreased from -72027.30074466618 to -72027.94247643657\n",
      "μ:       [ 0.835  0.186 -0.322  0.119]\n",
      "σ:       [0.127 0.072 0.328 0.19 ]\n",
      "π:       [0.406 0.531 0.004 0.059]\n",
      "A:       \n",
      "[[0.032 0.596 0.317 0.054]\n",
      " [0.312 0.387 0.299 0.002]\n",
      " [0.062 0.286 0.256 0.396]\n",
      " [0.167 0.204 0.555 0.074]]\n",
      "----------------------------------\n",
      "Run 2\n",
      "Initial parameters μ: [0.21724244 0.01395807 0.16776684 0.08444733], σ: [0.23915149 0.29297588 0.31078607 0.26525913], π: [[0.01059607 0.09527125 0.18592646 0.70820622]], A: [[0.03279098 0.24466373 0.29347773 0.42906756]\n",
      " [0.44175039 0.05822225 0.04270706 0.4573203 ]\n",
      " [0.17324493 0.34062109 0.00893146 0.47720252]\n",
      " [0.32778581 0.11038796 0.398845   0.16298123]]\n",
      "Log likelihood decreased from -72082.46019401506 to -72083.18909285638\n",
      "μ:       [ 0.118  0.96  -0.242 -0.101]\n",
      "σ:       [0.066 0.117 0.388 0.182]\n",
      "π:       [0.126 0.049 0.049 0.777]\n",
      "A:       \n",
      "[[0.049 0.28  0.184 0.487]\n",
      " [0.454 0.058 0.049 0.439]\n",
      " [0.159 0.298 0.084 0.459]\n",
      " [0.395 0.116 0.314 0.176]]\n",
      "----------------------------------\n",
      "Run 3\n",
      "Initial parameters μ: [-0.11305791  0.1312449  -0.03012434  0.2909131 ], σ: [0.32787559 0.35427156 0.38450597 0.26667629], π: [[0.03329091 0.33415866 0.57634372 0.05620671]], A: [[0.47753925 0.07191136 0.14473142 0.30581796]\n",
      " [0.00803093 0.57330274 0.18717483 0.2314915 ]\n",
      " [0.0012883  0.3832762  0.57787419 0.03756132]\n",
      " [0.11161327 0.13399255 0.22909552 0.52529866]]\n",
      "Log likelihood decreased from -71580.18809402414 to -71589.59984507458\n",
      "μ:       [ 0.336 -0.045 -0.479  0.317]\n",
      "σ:       [0.061 0.209 0.425 0.138]\n",
      "π:       [0.005 0.405 0.023 0.567]\n",
      "A:       \n",
      "[[6.559e-01 2.210e-02 9.552e-03 3.125e-01]\n",
      " [5.394e-03 6.210e-01 1.476e-01 2.260e-01]\n",
      " [6.787e-04 3.387e-01 6.316e-01 2.907e-02]\n",
      " [1.591e-01 8.699e-02 4.526e-02 7.087e-01]]\n",
      "----------------------------------\n",
      "Run 4\n",
      "Initial parameters μ: [0.12856982 0.27876165 0.07143185 0.2140683 ], σ: [0.37830123 0.25002192 0.33935089 0.26915059], π: [[0.80211563 0.09526822 0.07010797 0.03250818]], A: [[0.39565054 0.02120676 0.04033868 0.54280402]\n",
      " [0.26504549 0.00720069 0.7063483  0.02140552]\n",
      " [0.04851618 0.37830943 0.18086362 0.39231078]\n",
      " [0.01864349 0.23093655 0.61788836 0.13253161]]\n",
      "Log likelihood decreased from -71662.23252531467 to -71663.01793118281\n",
      "μ:       [-0.383  0.156  0.4    0.203]\n",
      "σ:       [0.361 0.052 0.123 0.18 ]\n",
      "π:       [0.02  0.715 0.119 0.146]\n",
      "A:       \n",
      "[[0.821 0.009 0.011 0.158]\n",
      " [0.126 0.01  0.833 0.031]\n",
      " [0.025 0.373 0.173 0.429]\n",
      " [0.018 0.237 0.599 0.146]]\n",
      "----------------------------------\n",
      "Run 5\n",
      "Initial parameters μ: [0.05740297 0.11927689 0.04591878 0.10200606], σ: [0.35491261 0.32531668 0.39183216 0.38257696], π: [[0.23336133 0.03065439 0.69587995 0.04010433]], A: [[0.64550643 0.18964604 0.06000974 0.10483778]\n",
      " [0.16415499 0.04606542 0.32937253 0.46040706]\n",
      " [0.36698176 0.08133843 0.09674941 0.4549304 ]\n",
      " [0.40064675 0.18374503 0.02427274 0.39133549]]\n",
      "Log likelihood decreased from -71832.67031795904 to -71833.37632044268\n",
      "μ:       [ 0.366 -1.587 -0.347  0.775]\n",
      "σ:       [0.089 0.206 0.495 0.218]\n",
      "π:       [0.888 0.014 0.088 0.011]\n",
      "A:       \n",
      "[[0.732 0.154 0.032 0.083]\n",
      " [0.204 0.052 0.26  0.484]\n",
      " [0.261 0.105 0.23  0.405]\n",
      " [0.349 0.209 0.033 0.409]]\n",
      "----------------------------------\n",
      "Run 6\n",
      "Initial parameters μ: [0.1720557  0.12311165 0.15799745 0.00737843], σ: [0.36184399 0.34315457 0.29934388 0.22928565], π: [[0.0008441  0.33623002 0.32822399 0.3347019 ]], A: [[0.08679242 0.73995528 0.03887651 0.13437579]\n",
      " [0.19849838 0.65686497 0.10038283 0.04425382]\n",
      " [0.15261655 0.17581238 0.03216298 0.63940809]\n",
      " [0.20311308 0.57821837 0.01963761 0.19903094]]\n",
      "Log likelihood decreased from -71834.44508372496 to -71835.25916586784\n",
      "μ:       [-0.368 -0.204  2.55   0.197]\n",
      "σ:       [0.434 0.161 0.113 0.053]\n",
      "π:       [1.090e-05 1.028e-02 1.710e-01 8.187e-01]\n",
      "A:       \n",
      "[[0.269 0.595 0.024 0.111]\n",
      " [0.16  0.629 0.144 0.067]\n",
      " [0.058 0.106 0.038 0.798]\n",
      " [0.06  0.427 0.05  0.463]]\n",
      "----------------------------------\n",
      "Run 7\n",
      "Initial parameters μ: [0.10469196 0.07723956 0.08867966 0.04100042], σ: [0.26030147 0.2954658  0.3819132  0.22778184], π: [[0.40479051 0.10767583 0.13825994 0.34927372]], A: [[0.39202413 0.0403855  0.24199212 0.32559826]\n",
      " [0.14289426 0.29811205 0.54073641 0.01825728]\n",
      " [0.06971167 0.32801951 0.59778176 0.00448705]\n",
      " [0.08324679 0.33664387 0.18963598 0.39047336]]\n",
      "Log likelihood decreased from -71701.06395108777 to -71701.25829616137\n",
      "μ:       [ 1.057 -0.793 -0.214  0.272]\n",
      "σ:       [0.148 0.155 0.365 0.069]\n",
      "π:       [0.292 0.008 0.003 0.698]\n",
      "A:       \n",
      "[[0.497 0.024 0.076 0.403]\n",
      " [0.252 0.325 0.394 0.029]\n",
      " [0.084 0.351 0.56  0.005]\n",
      " [0.142 0.169 0.036 0.652]]\n",
      "----------------------------------\n",
      "Run 8\n",
      "Initial parameters μ: [ 0.03715954 -0.03018212  0.37862126  0.1064438 ], σ: [0.26050952 0.27436784 0.23466385 0.25359681], π: [[0.66515795 0.04589497 0.12306809 0.16587899]], A: [[0.25608989 0.60672847 0.10066195 0.03651969]\n",
      " [0.12760519 0.5585027  0.21906807 0.09482403]\n",
      " [0.14891717 0.42809002 0.09287845 0.33011436]\n",
      " [0.0489967  0.24131138 0.68323985 0.02645208]]\n",
      "Log likelihood decreased from -71874.23158393649 to -71874.85679523746\n",
      "μ:       [-0.84  -0.048  0.141  0.908]\n",
      "σ:       [0.162 0.327 0.072 0.114]\n",
      "π:       [0.072 0.003 0.35  0.575]\n",
      "A:       \n",
      "[[0.283 0.525 0.138 0.054]\n",
      " [0.134 0.551 0.224 0.091]\n",
      " [0.116 0.229 0.135 0.52 ]\n",
      " [0.031 0.101 0.83  0.038]]\n",
      "----------------------------------\n",
      "Run 9\n",
      "Initial parameters μ: [ 0.04965282  0.02661938  0.07508585 -0.02531387], σ: [0.25705083 0.26697036 0.21808353 0.35522896], π: [[0.40584972 0.10794381 0.30193762 0.18426885]], A: [[0.18373434 0.32738742 0.39434877 0.09452947]\n",
      " [0.13478516 0.10383305 0.52843522 0.23294658]\n",
      " [0.31701632 0.02527067 0.05509189 0.60262112]\n",
      " [0.32826388 0.03183418 0.13303996 0.50686197]]\n",
      "Log likelihood decreased from -71847.00167773859 to -71847.70462767898\n",
      "μ:       [ 0.68  -0.008  0.081 -0.39 ]\n",
      "σ:       [0.128 0.154 0.066 0.348]\n",
      "π:       [0.403 0.07  0.522 0.005]\n",
      "A:       \n",
      "[[0.221 0.349 0.381 0.048]\n",
      " [0.185 0.123 0.58  0.113]\n",
      " [0.559 0.038 0.075 0.328]\n",
      " [0.258 0.025 0.129 0.587]]\n",
      "----------------------------------\n",
      "Run 10\n",
      "Initial parameters μ: [0.04123809 0.01381315 0.30284822 0.01746481], σ: [0.27077806 0.37372661 0.30197958 0.38324154], π: [[0.14790141 0.59972956 0.23817736 0.01419167]], A: [[0.20660947 0.1933522  0.25308521 0.34695312]\n",
      " [0.21015345 0.39280602 0.03471206 0.36232847]\n",
      " [0.2273937  0.16757146 0.05273743 0.55229741]\n",
      " [0.15162963 0.01517624 0.37176298 0.46143115]]\n",
      "Log likelihood decreased from -71881.24473604339 to -71881.59364271449\n",
      "μ:       [ 0.149  0.643  0.312 -0.307]\n",
      "σ:       [0.066 0.105 0.158 0.329]\n",
      "π:       [0.485 0.38  0.133 0.001]\n",
      "A:       \n",
      "[[0.322 0.198 0.279 0.201]\n",
      " [0.346 0.427 0.038 0.189]\n",
      " [0.315 0.164 0.062 0.459]\n",
      " [0.162 0.012 0.379 0.447]]\n",
      "----------------------------------\n",
      "Number of regimes: 5\n",
      "Run 1\n",
      "Initial parameters μ: [-0.11071956 -0.03245655  0.13899924 -0.00971022  0.11520456], σ: [0.39762812 0.25388726 0.3320939  0.28313694 0.37397285], π: [[0.38267678 0.42122046 0.15305279 0.02193062 0.02111934]], A: [[0.10906382 0.31103718 0.49821702 0.00695774 0.07472424]\n",
      " [0.41285685 0.01297506 0.05559731 0.45094604 0.06762475]\n",
      " [0.2368218  0.18844959 0.29002711 0.10015932 0.18454218]\n",
      " [0.03288902 0.24689258 0.41800998 0.06886916 0.23333926]\n",
      " [0.35477435 0.25101634 0.11405554 0.13948649 0.14066727]]\n",
      "Log likelihood decreased from -71881.95795064874 to -71881.9799960771\n",
      "μ:       [-0.24   1.043 -0.255  0.119 -0.2  ]\n",
      "σ:       [0.4   0.116 0.182 0.055 0.156]\n",
      "π:       [0.034 0.895 0.043 0.024 0.004]\n",
      "A:       \n",
      "[[0.189 0.286 0.45  0.006 0.07 ]\n",
      " [0.261 0.018 0.055 0.609 0.058]\n",
      " [0.193 0.228 0.292 0.12  0.168]\n",
      " [0.015 0.349 0.363 0.101 0.172]\n",
      " [0.27  0.314 0.114 0.174 0.128]]\n",
      "----------------------------------\n",
      "Run 2\n",
      "Initial parameters μ: [ 0.19064641 -0.03245711  0.19603944  0.1107745   0.2097357 ], σ: [0.25885544 0.22024783 0.38319569 0.23576331 0.31946764], π: [[0.20015285 0.18166899 0.00768384 0.45841853 0.15207579]], A: [[0.53384948 0.09301456 0.04264539 0.18048294 0.15000763]\n",
      " [0.42672066 0.09608278 0.03717374 0.00904995 0.43097287]\n",
      " [0.31041188 0.31095736 0.04557841 0.17727162 0.15578073]\n",
      " [0.18749975 0.17516722 0.31507908 0.1998455  0.12240845]\n",
      " [0.1107219  0.29146761 0.05001938 0.21582656 0.33196456]]\n",
      "Iteration 32: log likelihood = -71742.86455898457\n",
      "Convergence attained\n",
      "μ:       [ 0.298  1.391 -0.137 -0.414 -0.716]\n",
      "σ:       [0.074 0.165 0.512 0.187 0.219]\n",
      "π:       [0.456 0.251 0.001 0.262 0.03 ]\n",
      "A:       \n",
      "[[0.615 0.104 0.019 0.155 0.108]\n",
      " [0.451 0.109 0.027 0.009 0.404]\n",
      " [0.18  0.223 0.248 0.183 0.166]\n",
      " [0.217 0.219 0.229 0.215 0.121]\n",
      " [0.099 0.301 0.051 0.216 0.332]]\n",
      "----------------------------------\n",
      "Run 3\n",
      "Initial parameters μ: [ 0.1242941   0.16782424  0.01110541  0.0523943  -0.12732946], σ: [0.23414178 0.20403275 0.32108962 0.25122548 0.26495154], π: [[0.25015161 0.06979757 0.02888448 0.04048042 0.61068591]], A: [[0.13366253 0.34000714 0.18545374 0.31040948 0.0304671 ]\n",
      " [0.31839724 0.14314505 0.18062277 0.10139995 0.25643499]\n",
      " [0.1751709  0.18242084 0.30871168 0.13557855 0.19811803]\n",
      " [0.14754183 0.24234715 0.3571597  0.23287712 0.02007419]\n",
      " [0.06242254 0.22071513 0.19588928 0.00067108 0.52030198]]\n",
      "Log likelihood decreased from -71734.70062379021 to -71735.38843673455\n",
      "μ:       [ 1.081  0.147 -0.226  0.101 -0.346]\n",
      "σ:       [0.127 0.061 0.402 0.109 0.201]\n",
      "π:       [0.37  0.017 0.003 0.119 0.492]\n",
      "A:       \n",
      "[[0.157 0.455 0.074 0.288 0.026]\n",
      " [0.393 0.198 0.076 0.099 0.234]\n",
      " [0.113 0.13  0.463 0.1   0.194]\n",
      " [0.193 0.347 0.188 0.251 0.021]\n",
      " [0.058 0.216 0.145 0.001 0.58 ]]\n",
      "----------------------------------\n",
      "Run 4\n",
      "Initial parameters μ: [0.21844372 0.09324625 0.13369394 0.20630466 0.17235357], σ: [0.26734108 0.24977413 0.23894358 0.21986857 0.25603609], π: [[0.0640929  0.59447665 0.16653065 0.0325958  0.142304  ]], A: [[0.04933009 0.10711485 0.48866645 0.00891838 0.34597022]\n",
      " [0.13414641 0.02721236 0.13905134 0.45171751 0.24787238]\n",
      " [0.26479804 0.26742813 0.2161655  0.05648942 0.19511891]\n",
      " [0.28096303 0.15732099 0.25118313 0.28171541 0.02881744]\n",
      " [0.22057715 0.24729284 0.21808731 0.18270961 0.13133308]]\n",
      "Log likelihood decreased from -71819.7252850956 to -71820.3589995744\n",
      "μ:       [-0.43   1.914 -0.777  0.194 -0.081]\n",
      "σ:       [0.416 0.128 0.143 0.058 0.221]\n",
      "π:       [0.004 0.296 0.08  0.597 0.023]\n",
      "A:       \n",
      "[[0.131 0.083 0.439 0.008 0.339]\n",
      " [0.078 0.028 0.129 0.562 0.203]\n",
      " [0.208 0.299 0.23  0.068 0.195]\n",
      " [0.105 0.187 0.237 0.451 0.021]\n",
      " [0.253 0.223 0.216 0.173 0.136]]\n",
      "----------------------------------\n",
      "Run 5\n",
      "Initial parameters μ: [0.05332597 0.3301221  0.06916741 0.16280642 0.07268362], σ: [0.39254116 0.28963159 0.27092483 0.38078055 0.38014548], π: [[0.07707928 0.02607445 0.12365046 0.32780039 0.44539542]], A: [[0.16252352 0.0434108  0.16106495 0.27848537 0.35451536]\n",
      " [0.09026266 0.16676087 0.62824778 0.01887419 0.0958545 ]\n",
      " [0.02569884 0.23866936 0.03911814 0.18567333 0.51084033]\n",
      " [0.19213627 0.32853847 0.0842174  0.05107925 0.34402861]\n",
      " [0.06782271 0.44742179 0.24549753 0.1689975  0.07026047]]\n",
      "Log likelihood decreased from -71620.45434868333 to -71620.65565668193\n",
      "μ:       [-0.061  0.977  0.19  -1.606  0.035]\n",
      "σ:       [0.391 0.153 0.061 0.204 0.129]\n",
      "π:       [0.001 0.179 0.388 0.022 0.41 ]\n",
      "A:       \n",
      "[[0.647 0.01  0.043 0.198 0.102]\n",
      " [0.035 0.195 0.668 0.014 0.087]\n",
      " [0.009 0.322 0.054 0.126 0.489]\n",
      " [0.323 0.247 0.074 0.062 0.294]\n",
      " [0.044 0.477 0.26  0.154 0.066]]\n",
      "----------------------------------\n",
      "Run 6\n",
      "Initial parameters μ: [ 0.0969424   0.09553885  0.1806996  -0.10734793  0.0530128 ], σ: [0.38329233 0.31614937 0.37163055 0.22297137 0.22747226], π: [[0.41198603 0.13101624 0.24339863 0.00392149 0.20967761]], A: [[0.43909345 0.12066773 0.16013177 0.08228176 0.1978253 ]\n",
      " [0.34678598 0.14094301 0.02975656 0.08787303 0.39464142]\n",
      " [0.21279205 0.31296899 0.38844714 0.03063682 0.05515501]\n",
      " [0.16516011 0.14909664 0.01636258 0.02907555 0.64030513]\n",
      " [0.24317272 0.1906654  0.28351881 0.02480246 0.25784061]]\n",
      "Log likelihood decreased from -71789.2239477543 to -71789.98467486596\n",
      "μ:       [-0.353  0.838 -1.372  3.055  0.18 ]\n",
      "σ:       [0.376 0.135 0.158 0.131 0.067]\n",
      "π:       [0.025 0.17  0.03  0.053 0.722]\n",
      "A:       \n",
      "[[0.508 0.1   0.133 0.076 0.183]\n",
      " [0.182 0.147 0.023 0.138 0.509]\n",
      " [0.16  0.354 0.366 0.046 0.073]\n",
      " [0.086 0.14  0.012 0.041 0.721]\n",
      " [0.111 0.226 0.216 0.05  0.396]]\n",
      "----------------------------------\n",
      "Run 7\n",
      "Initial parameters μ: [0.04395707 0.00331134 0.13807522 0.22226312 0.05621421], σ: [0.3609151  0.30516599 0.29990511 0.24820903 0.33502003], π: [[0.73388566 0.03863651 0.0346762  0.04300039 0.14980124]], A: [[0.24475837 0.17573086 0.39196371 0.15901714 0.02852992]\n",
      " [0.12799181 0.59393717 0.02166837 0.2227157  0.03368696]\n",
      " [0.1752417  0.00389316 0.10316976 0.30699    0.41070538]\n",
      " [0.01262309 0.08967313 0.02662034 0.1736088  0.69747464]\n",
      " [0.51851213 0.07375562 0.01289528 0.06593424 0.32890273]]\n",
      "Iteration 242: log likelihood = -71569.42030755873\n",
      "Convergence attained\n",
      "μ:       [-0.293  0.401  0.633 -1.524  0.766]\n",
      "σ:       [0.43  0.091 0.18  0.188 0.199]\n",
      "π:       [0.025 0.909 0.005 0.045 0.016]\n",
      "A:       \n",
      "[[0.319 0.112 0.399 0.141 0.03 ]\n",
      " [0.019 0.853 0.006 0.114 0.008]\n",
      " [0.228 0.003 0.113 0.29  0.366]\n",
      " [0.008 0.172 0.027 0.233 0.559]\n",
      " [0.403 0.133 0.017 0.107 0.341]]\n",
      "----------------------------------\n",
      "Run 8\n",
      "Initial parameters μ: [-0.04565228  0.03372886 -0.00903126  0.04695298 -0.04688816], σ: [0.33996158 0.25701774 0.35058838 0.26048913 0.36291689], π: [[0.07974469 0.28658435 0.00831693 0.210219   0.41513503]], A: [[0.35845161 0.09198365 0.05969434 0.42782586 0.06204454]\n",
      " [0.21297832 0.20627855 0.34004402 0.00237432 0.23832479]\n",
      " [0.18367254 0.35061197 0.03009318 0.28037856 0.15524375]\n",
      " [0.55081916 0.05210851 0.22827359 0.07212065 0.09667809]\n",
      " [0.12867313 0.54101898 0.0546432  0.14550988 0.13015482]]\n",
      "Log likelihood decreased from -71625.5052180978 to -71625.64111836378\n",
      "μ:       [ 0.709  0.041 -0.67   0.117 -0.278]\n",
      "σ:       [0.117 0.202 0.2   0.056 0.441]\n",
      "π:       [0.108 0.432 0.009 0.352 0.1  ]\n",
      "A:       \n",
      "[[0.339 0.086 0.05  0.487 0.038]\n",
      " [0.187 0.241 0.33  0.002 0.239]\n",
      " [0.163 0.384 0.028 0.297 0.128]\n",
      " [0.587 0.054 0.206 0.096 0.057]\n",
      " [0.075 0.507 0.044 0.098 0.276]]\n",
      "----------------------------------\n",
      "Run 9\n",
      "Initial parameters μ: [0.06133535 0.10676632 0.16483288 0.0793819  0.11536746], σ: [0.22088454 0.33257662 0.36742968 0.39800624 0.2657884 ], π: [[0.20592814 0.15514494 0.56245539 0.01155559 0.06491595]], A: [[0.21061147 0.13107168 0.17505033 0.03537716 0.44788936]\n",
      " [0.09953334 0.33730398 0.43302351 0.03242059 0.09771858]\n",
      " [0.31978738 0.21674467 0.31362881 0.11545071 0.03438843]\n",
      " [0.31184425 0.14077177 0.17243309 0.27412791 0.10082298]\n",
      " [0.14566112 0.06041509 0.16503688 0.37141161 0.2574753 ]]\n",
      "Log likelihood decreased from -71662.21407377702 to -71663.02984430287\n",
      "μ:       [ 0.252 -1.694  1.572 -0.502  0.257]\n",
      "σ:       [0.063 0.192 0.182 0.442 0.124]\n",
      "π:       [1.941e-01 3.442e-02 6.528e-01 5.733e-04 1.180e-01]\n",
      "A:       \n",
      "[[0.33  0.106 0.133 0.014 0.417]\n",
      " [0.102 0.358 0.417 0.029 0.094]\n",
      " [0.379 0.22  0.286 0.081 0.034]\n",
      " [0.164 0.093 0.109 0.562 0.072]\n",
      " [0.341 0.056 0.149 0.127 0.328]]\n",
      "----------------------------------\n",
      "Run 10\n",
      "Initial parameters μ: [ 0.2354158   0.22747868 -0.10733978  0.10138416  0.08391167], σ: [0.20780782 0.28201534 0.3933718  0.39203639 0.35909299], π: [[0.26441067 0.01728633 0.06675828 0.37523558 0.27630914]], A: [[0.05457938 0.27897678 0.58368409 0.06175804 0.0210017 ]\n",
      " [0.10424374 0.02112858 0.15157567 0.48276802 0.240284  ]\n",
      " [0.11350802 0.19691321 0.16021869 0.34412612 0.18523397]\n",
      " [0.27855537 0.08986513 0.51168381 0.01444881 0.10544688]\n",
      " [0.33908662 0.08893544 0.21974954 0.13222849 0.21999991]]\n",
      "Log likelihood decreased from -71846.55992821016 to -71847.50796449634\n",
      "μ:       [ 0.181 -0.139 -0.248 -0.659  1.85 ]\n",
      "σ:       [0.057 0.105 0.366 0.183 0.126]\n",
      "π:       [0.75  0.045 0.003 0.064 0.137]\n",
      "A:       \n",
      "[[0.12  0.513 0.28  0.053 0.034]\n",
      " [0.19  0.034 0.07  0.375 0.331]\n",
      " [0.113 0.178 0.238 0.337 0.135]\n",
      " [0.323 0.101 0.461 0.014 0.1  ]\n",
      " [0.481 0.109 0.103 0.09  0.217]]\n",
      "----------------------------------\n"
     ]
    }
   ],
   "source": [
    "for n in range(2, 6):\n",
    "    n_regimes = n\n",
    "    spx_models = []\n",
    "    print(f'Number of regimes: {n_regimes}')\n",
    "\n",
    "    for i in range(1, 11):\n",
    "        print(f'Run {i}')\n",
    "        spx_model = SPXHMM(n_regimes, verbose=False)\n",
    "        print(f'Initial parameters μ: {spx_model.μ}, σ: {spx_model.σ}, π: {np.exp(spx_model.π)}, A: \\n{np.exp(spx_model.A)}')\n",
    "        spx_model.EM_optimise(spx_data, tol=1e-7)\n",
    "        spx_models.append(spx_model)\n",
    "        spx_model.print_params()\n",
    "\n",
    "        # save params to dataframe and csv\n",
    "        params_df = pd.DataFrame({'n_regimes': n, 'model': i, 'μ': [spx_model.μ], 'σ': [spx_model.σ], 'π': [np.exp(spx_model.π)], 'A': [np.exp(spx_model.A)], 'log_likelihood': spx_model.log_likelihood})\n",
    "        params_df.to_csv('params.csv', mode='a', header=(not os.path.exists('params.csv')))\n",
    "        print('----------------------------------')"
   ]
  },
  {
   "cell_type": "code",
   "execution_count": 5,
   "metadata": {},
   "outputs": [
    {
     "data": {
      "text/html": [
       "<div>\n",
       "<style scoped>\n",
       "    .dataframe tbody tr th:only-of-type {\n",
       "        vertical-align: middle;\n",
       "    }\n",
       "\n",
       "    .dataframe tbody tr th {\n",
       "        vertical-align: top;\n",
       "    }\n",
       "\n",
       "    .dataframe thead th {\n",
       "        text-align: right;\n",
       "    }\n",
       "</style>\n",
       "<table border=\"1\" class=\"dataframe\">\n",
       "  <thead>\n",
       "    <tr style=\"text-align: right;\">\n",
       "      <th></th>\n",
       "      <th>n_regimes</th>\n",
       "      <th>model</th>\n",
       "      <th>μ</th>\n",
       "      <th>σ</th>\n",
       "      <th>π</th>\n",
       "      <th>A</th>\n",
       "      <th>log_likelihood</th>\n",
       "    </tr>\n",
       "  </thead>\n",
       "  <tbody>\n",
       "    <tr>\n",
       "      <th>0</th>\n",
       "      <td>2</td>\n",
       "      <td>1</td>\n",
       "      <td>[0.26033976 0.01488166]</td>\n",
       "      <td>[0.12631492 0.26073531]</td>\n",
       "      <td>[0.54751681 0.45248319]</td>\n",
       "      <td>[[0.00702196 0.99297804]\\n [0.90095488 0.09904...</td>\n",
       "      <td>-72881.316049</td>\n",
       "    </tr>\n",
       "    <tr>\n",
       "      <th>0</th>\n",
       "      <td>2</td>\n",
       "      <td>2</td>\n",
       "      <td>[ 0.34174416 -0.12416645]</td>\n",
       "      <td>[0.08952189 0.2930143 ]</td>\n",
       "      <td>[0.89346575 0.10653425]</td>\n",
